% ------------------------------------------------------
% --- timing onsets for subject 1 (s01)
% ------------------------------------------------------
s01_runa_2_Letter = [55.269 79.07 89.12 118.57 123.27 138.01 163.45 179.19 189.25  ];
s01_runa_4_Letter = [ 5.03 10.38 20.77 69.68 74.38 108.52 132.99 158.43 199.29 ];
s01_runa_8_Letter = [ 15.74 25.79 40.54 143.37 148.73 168.81 173.83 183.89 194.269];

s01_runb_2_Letter = [ 30.49 35.84 45.24 59.96 64.66 84.1 94.48 113.21 128.29 ];
s01_runb_4_Letter = [55.269 79.07 89.12 118.57 123.27 138.01 163.45 179.19 189.25  ];
s01_runb_6_Letter = [ 5.03 10.38 20.77 69.68 74.38 108.52 132.99 158.43 199.29 ];
s01_runb_8_Letter = [ 30.49 35.84 45.24 59.96 64.66 84.1 94.48 113.21 128.29 ];


% ------------------------------------------------------
% --- timing onsets for subject 2 (s03)
% ------------------------------------------------------
s03_wmla_2_Letter = [55.269 79.07 89.12 118.57 123.27 138.01 163.45 179.19 189.25  ];
s03_wmla_4_Letter = [ 5.03 10.38 20.77 69.68 74.38 108.52 132.99 158.43 199.29 ];
s03_wmla_6_Letter = [ 15.74 25.79 40.54 143.37 148.73 168.81 173.83 183.89 194.269];
s03_wmla_8_Letter = [ 30.49 35.84 45.24 59.96 64.66 84.1 94.48 113.21 128.29 ];

s03_wmlb_2_Letter = [55.269 79.07 89.12 118.57 123.27 138.01 163.45 179.19 189.25  ];
s03_wmlb_4_Letter = [ 5.03 10.38 20.77 69.68 74.38 108.52 132.99 158.43 199.29 ];
s03_wmlb_6_Letter = [ 15.74 25.79 40.54 143.37 148.73 168.81 173.83 183.89 194.269];
s03_wmlb_8_Letter = [ 30.49 35.84 45.24 59.96 64.66 84.1 94.48 113.21 128.29 ];


% ------------------------------------------------------
% --- timing onsets for subject 3 (sz01)
% ------------------------------------------------------
sz01_runa_2_Letter = [55.269 79.07 89.12 118.57 123.27 138.01 163.45 179.19 189.25  ];
sz01_runa_4_Letter = [ 5.03 10.38 20.77 69.68 74.38 108.52 132.99 158.43 199.29 ];
sz01_runa_6_Letter = [ 15.74 25.79 40.54 143.37 148.73 168.81 173.83 183.89 194.269];


% ------------------------------------------------------
% --- timing onsets for subject 4 (sz02)
% ------------------------------------------------------
sz02_runa_2_Letter = [ 30.49 35.84 45.24 59.96 64.66 84.1 94.48 113.21 128.29 ];
sz02_runa_4_Letter = [ 5.03 10.38 20.77 69.68 74.38 108.52 132.99 158.43 199.29 ];
sz02_runa_6_Letter = [ 15.74 25.79 40.54 143.37 148.73 168.81 173.83 183.89 194.269];
sz02_runa_8_Letter = [ 30.49 35.84 45.24 59.96 64.66 84.1 94.48 113.21 128.29 ];

sz02_runb_2_Letter = [55.269 79.07 89.12 118.57 123.27 138.01 163.45 179.19 189.25  ];
sz02_runb_4_Letter = [ 5.03 10.38 20.77 69.68 74.38 108.52 132.99 158.43 199.29 ];
sz02_runb_6_Letter = [ 15.74 25.79 40.54 143.37 148.73 168.81 173.83 183.89 194.269];
sz02_runb_8_Letter = [ 30.49 35.84 45.24 59.96 64.66 84.1 94.48 113.21 128.29 ];


